scale = [1.7698600000000000,1.7654099999999999,1.8066700000000000 ,1.8295599999999999,1.8263099999999999,1.7570200000000000, 1.7960099999999999, 1.7969199999999999 ,1.8769399999999998 ,1.8449499999999999  ,1.9193399999999998, 2.0021499999999999 ,2.0590600000000001, 1.9606899999999998 ,1.9830699999999999 ,1.9109999999999998 ,1.9478300000000000 ,1.9050799999999999 ,1.9432499999999999 , 1.9296099999999998 , 1.8694700000000000 ,1.8367399999999998  ,1.8035900000000000 ,1.7187899999999998 , 1.7460199999999999 , 1.7427199999999998 ,1.7767999999999999 , 1.7635699999999999  , 1.7799300000000000 , 1.7157000000000000 ,1.7459199999999999,1.7550999999999999 ]; 